21.2
56.7
58.2
64.0
22.2
7.8
29.4
7.4
21.4
25.0
37.9
46.3
73.2
61.5
43.5
70.8
83.4
84.7
75.7
68.5
54.5
3.5
37.0
51.3
58.8
43.4
35.3
0.0
5.6
22.7
35.0
36.4
77.1
38.5
25.3
48.8
26.3
25.8
48.3
77.9
56.1
8.5
32.9
49.1
61.3
40.9
33.4
46.9
21.8
49.1
18.5
53.9
60.6
45.3
24.0
59.7
47.3
46.8
58.3
61.0
28.1
74.3
84.5
55.9
59.9
64.7
42.2
59.4
24.8
17.1
15.8
24.5
37.2
60.3
75.2
52.8
30.4
31.2
37.4
27.2
17.2
50.9
75.8
59.9
28.8
34.9
36.2
11.2
16.7
26.6
26.2
38.0
46.6
60.2
67.1
62.3
66.0
69.4
74.7
71.0
56.7
21.8
39.2
59.2
38.2
85.6
86.6
67.5
53.6
57.6
41.5
30.7
41.2
63.8
64.4
76.0
68.3
70.7
10.4
19.8
6.9
24.3
38.9
18.4
14.6
27.9
33.7
54.5
67.3
24.6
-1
49.3
40.8
29.9
26.6
83.6
68.6
46.2
30.0
46.5
25.6
26.2
37.2
79.0
44.2
9.0
6.8
22.2
64.8
92.5
29.5
51.4
51.6
54.6
44.4
7.2
35.5
38.2
36.5
51.8
83.2
87.9
54.4
43.7
80.2
-1
23.0
18.4
23.9
0.0
15.9
42.8
83.3
25.2
87.6
87.1
32.6
2.9
56.4
58.8
4.2
75.4
36.1
43.8
59.1
27.8
4.1
74.0
20.0
47.2
35.0
86.8
78.8
38.3
40.0
47.5
48.1
31.1
34.1
59.8
76.2
32.4
15.0
73.8
69.4
63.6
65.5
70.3
63.8
78.3
94.9
56.0
32.1
47.0
72.9
29.5
55.2
71.2
70.7
65.2
