13.7
49.7
52.0
59.7
17.4
4.9
24.4
3.9
15.0
20.2
30.8
38.9
67.1
53.7
36.4
64.5
78.8
79.5
68.9
57.4
49.0
2.8
30.9
44.9
53.0
37.3
27.9
0.0
3.2
16.4
27.9
30.4
72.1
30.7
20.3
40.8
18.9
20.2
41.8
72.3
48.9
5.5
25.7
42.9
55.8
34.6
27.0
39.4
16.2
42.7
15.6
47.7
54.1
39.3
19.6
51.9
39.0
36.8
54.3
53.9
22.1
69.0
81.7
50.1
53.4
59.4
37.2
51.5
19.0
13.8
12.1
18.8
30.7
54.2
69.7
44.6
24.0
25.0
30.5
21.4
11.1
44.3
71.9
53.5
25.3
29.0
28.1
8.2
12.8
21.1
19.4
30.5
38.1
54.4
60.9
56.4
60.6
62.4
68.3
64.0
48.7
15.7
31.6
52.5
32.3
80.4
83.1
61.2
45.7
51.0
34.4
23.9
33.6
57.4
58.3
68.2
62.4
64.8
7.3
13.7
4.9
20.4
32.1
13.5
9.8
21.7
28.4
50.9
60.8
18.9
-1
42.4
34.6
25.6
20.6
79.4
61.8
38.3
22.4
39.0
19.5
21.1
30.7
73.2
35.6
7.6
3.1
16.1
58.4
90.1
24.5
43.8
44.8
46.7
38.1
5.4
29.1
32.0
30.5
43.6
78.1
84.5
47.9
38.9
75.7
-1
16.4
12.9
18.2
0.0
11.7
36.3
78.8
16.5
84.7
83.3
25.4
2.0
47.2
55.0
4.2
70.8
30.6
36.1
52.3
22.1
2.4
67.1
13.7
42.4
27.0
82.1
72.5
33.9
30.7
41.6
40.2
24.5
29.6
54.5
71.8
27.2
10.3
68.7
63.9
55.7
59.2
62.3
56.9
72.7
92.3
50.9
24.6
40.6
67.4
24.3
47.9
65.0
64.4
57.9
