# natives (5A) in ATTRACT top2M
39
139
956
1340
1080
432
95
19
716
1293
4043
15378
20257
8553
2779
745
5468
23554
2561
191
168
27
1680
6493
5783
14165
2425
0
102
804
4400
4242
356
985
386
5149
707
1377
12575
7709
6385
39
1785
6535
4899
9828
2657
2124
4752
447
151
5809
4401
16808
62
8282
1532
144
329
11772
229
379
684
3745
15695
1536
126
23451
465
310
258
1306
108
847
1547
1649
3255
1037
1394
829
280
8725
808
503
43
290
128
355
65
226
189
800
680
11560
21784
800
658
17846
28963
12113
21011
1607
4673
10105
3082
8395
12187
34349
7186
12057
2882
1193
366
4889
2989
3195
10071
9216
204
4338
5
57
3879
6219
815
1274
729
90
754
877
184
729
1029
356
1076
1777
4664
1706
3288
11401
860
1035
5982
2328
286
456
487
1772
6000
1290
25
11
15
1375
28790
806
526
222
281
120
250
486
379
4098
15975
2398
1578
1900
166
0
224
1825
2472
373
4539
2120
3184
14
412
248
8
26634
78
581
2587
546
33
1735
90
61
27
422
1198
94
328
217
573
125
274
1321
1306
1314
228
20954
8427
5678
7234
20543
9011
4537
2033
2012
1907
13938
26634
1787
29138
63030
1325
594
