# natives (5A) in ATTRACT top500k
9
305
547
599
95
0
101
384
1109
4891
9278
3369
601
305
3179
12040
1270
83
71
3
439
2661
2794
5162
599
0
0
82
864
1077
239
237
55
1322
117
286
3807
3923
2223
0
296
2921
2435
4070
578
399
692
207
31
2717
2290
7045
1
2626
414
41
183
4869
61
235
519
1464
6567
879
40
7350
63
53
61
210
11
234
681
839
1157
237
369
271
61
3113
467
152
8
119
38
13
5
62
39
96
155
5041
9879
357
312
7331
12830
5337
6018
119
1209
3907
1020
4186
8125
15869
1826
5223
779
156
119
2236
1489
1009
4608
4571
28
374
2
6
1077
778
61
172
220
40
403
179
36
273
348
109
225
1281
2663
598
597
2790
152
200
1264
1149
48
145
216
731
1932
332
1
0
0
160
11570
580
165
159
175
36
40
108
122
1267
5671
1740
1182
867
62
0
24
672
1511
9
3216
1475
578
0
257
121
0
15095
14
140
901
107
0
817
3
20
8
280
599
36
68
71
160
27
61
689
823
468
26
12780
4673
1992
3079
8786
3815
2184
1675
782
326
4875
13843
514
10097
30857
698
317
