1016
1924
2578
1810
2489
1950
161
485
4768
6397
13108
39492
30201
15939
7642
1156
6941
29617
3720
334
344
967
5439
14455
10911
37946
8695
241
3145
4890
15760
13945
495
3210
1901
12634
3745
6806
30053
10662
13070
707
6955
15235
8782
28417
9828
5397
29272
1049
967
12190
8130
42797
318
15961
3926
392
607
21828
1038
550
838
7469
29418
2585
340
45556
2449
2246
2130
6947
2760
2856
2368
7304
4318
5580
2721
1312
971
19705
1125
942
171
1001
457
4337
509
1074
973
2620
1785
21267
35762
1420
1087
28597
42437
18913
43150
10256
14807
19262
9534
10448
14672
56111
15722
23639
8372
4989
1089
8513
5127
4685
16128
14217
2811
31605
103
281
12067
45953
8321
5868
2566
113
875
1773
0
976
1551
707
1964
1894
5281
2335
4936
29203
4415
4897
19487
3182
804
145
485
8515
49268
896
1864
1112
3954
12839
3384
461
928
608
6505
20907
2577
1635
2537
253
244
0
275
604
1069
119
1913
5031
3137
2257
5359
2545
12544
689
874
452
190
37640
256
1609
4948
2473
1382
2586
657
145
101
515
1654
278
1068
523
1426
512
928
2427
1819
4827
2213
30484
13181
10188
12219
32997
15836
6239
2203
3951
7757
34289
39504
7343
60884
97000
2060
1027
